0.0 0.0 0.0000 0.0000 0.0000
0.0 0.1 0.0000 0.0002 0.0002
0.0 0.2 0.0003 0.0003 0.0000
0.0 0.3 0.0024 0.0053 0.0029
0.0 0.4 0.0102 0.0102 0.0000
0.0 0.5 0.0312 0.0440 0.0128
0.0 0.6 0.0778 0.0778 0.0000
0.0 0.7 0.1681 0.2027 0.0346
0.0 0.8 0.3277 0.3277 0.0000
0.0 0.9 0.5905 0.6638 0.0733
0.0 1.0 1.0000 1.0000 0.0000
0.0 1.1 1.6105 1.7442 0.1337
0.0 1.2 2.4883 2.4883 0.0000
0.0 1.3 3.7129 3.9333 0.2203
0.0 1.4 5.3782 5.3782 0.0000
0.0 1.5 7.5938 7.9320 0.3382
0.0 1.6 10.4858 10.4858 0.0000
0.0 1.7 14.1986 14.6907 0.4921
0.0 1.8 18.8957 18.8957 0.0000
0.0 1.9 24.7610 25.4478 0.6868
0.0 2.0 32.0000 32.0000 0.0000
0.1 0.0 0.0000 0.0002 0.0002
0.1 0.1 0.0100 0.0103 0.0003
0.1 0.2 0.0203 0.0205 0.0002
0.1 0.3 0.0324 0.0354 0.0030
0.1 0.4 0.0503 0.0504 0.0002
0.1 0.5 0.0813 0.0942 0.0129
0.1 0.6 0.1378 0.1379 0.0002
0.1 0.7 0.2381 0.2729 0.0348
0.1 0.8 0.4077 0.4078 0.0001
0.1 0.9 0.6805 0.7540 0.0735
0.1 1.0 1.1000 1.1002 0.0001
0.1 1.1 1.7205 1.8543 0.1338
0.1 1.2 2.6083 2.6085 0.0002
0.1 1.3 3.8429 4.0634 0.2205
0.1 1.4 5.5183 5.5184 0.0002
0.1 1.5 7.7438 8.0822 0.3384
0.1 1.6 10.6458 10.6459 0.0002
0.1 1.7 14.3686 14.8609 0.4923
0.1 1.8 19.0757 19.0758 0.0001
0.1 1.9 24.9510 25.6380 0.6870
0.1 2.0 32.2000 32.2002 0.0001
0.2 0.0 0.0003 0.0003 0.0000
0.2 0.1 0.0203 0.0205 0.0002
0.2 0.2 0.0406 0.0406 0.0000
0.2 0.3 0.0628 0.0656 0.0029
0.2 0.4 0.0906 0.0906 0.0000
0.2 0.5 0.1316 0.1443 0.0128
0.2 0.6 0.1981 0.1981 0.0000
0.2 0.7 0.3084 0.3430 0.0347
0.2 0.8 0.4880 0.4880 0.0000
0.2 0.9 0.7708 0.8442 0.0733
0.2 1.0 1.2003 1.2003 0.0000
0.2 1.1 1.8308 1.9645 0.1337
0.2 1.2 2.7286 2.7286 0.0000
0.2 1.3 3.9733 4.1936 0.2203
0.2 1.4 5.6586 5.6586 0.0000
0.2 1.5 7.8941 8.2323 0.3382
0.2 1.6 10.8061 10.8061 0.0000
0.2 1.7 14.5389 15.0310 0.4921
0.2 1.8 19.2560 19.2560 0.0000
0.2 1.9 25.1413 25.8282 0.6868
0.2 2.0 32.4003 32.4003 0.0000
0.3 0.0 0.0024 0.0053 0.0029
0.3 0.1 0.0324 0.0354 0.0030
0.3 0.2 0.0628 0.0656 0.0029
0.3 0.3 0.0949 0.1006 0.0057
0.3 0.4 0.1327 0.1355 0.0028
0.3 0.5 0.1837 0.1993 0.0156
0.3 0.6 0.2602 0.2630 0.0029
0.3 0.7 0.3805 0.4180 0.0375
0.3 0.8 0.5701 0.5730 0.0029
0.3 0.9 0.8629 0.9391 0.0762
0.3 1.0 1.3024 1.3053 0.0028
0.3 1.1 1.9429 2.0794 0.1365
0.3 1.2 2.8508 2.8536 0.0029
0.3 1.3 4.1054 4.3286 0.2232
0.3 1.4 5.8007 5.8035 0.0028
0.3 1.5 8.0462 8.3873 0.3411
0.3 1.6 10.9682 10.9710 0.0028
0.3 1.7 14.7110 15.2060 0.4950
0.3 1.8 19.4381 19.4410 0.0028
0.3 1.9 25.3334 26.0231 0.6897
0.3 2.0 32.6024 32.6053 0.0028
0.4 0.0 0.0102 0.0102 0.0000
0.4 0.1 0.0503 0.0504 0.0002
0.4 0.2 0.0906 0.0906 0.0000
0.4 0.3 0.1327 0.1355 0.0028
0.4 0.4 0.1805 0.1805 0.0000
0.4 0.5 0.2415 0.2542 0.0128
0.4 0.6 0.3280 0.3280 0.0000
0.4 0.7 0.4583 0.4930 0.0346
0.4 0.8 0.6579 0.6579 0.0000
0.4 0.9 0.9607 1.0341 0.0733
0.4 1.0 1.4102 1.4102 0.0000
0.4 1.1 2.0608 2.1944 0.1337
0.4 1.2 2.9786 2.9786 0.0000
0.4 1.3 4.2432 4.4635 0.2203
0.4 1.4 5.9485 5.9485 0.0000
0.4 1.5 8.2040 8.5422 0.3383
0.4 1.6 11.1360 11.1360 0.0000
0.4 1.7 14.8888 15.3810 0.4921
0.4 1.8 19.6259 19.6259 0.0000
0.4 1.9 25.5312 26.2181 0.6868
0.4 2.0 32.8102 32.8102 0.0000
0.5 0.0 0.0312 0.0440 0.0128
0.5 0.1 0.0813 0.0942 0.0129
0.5 0.2 0.1316 0.1443 0.0128
0.5 0.3 0.1837 0.1993 0.0156
0.5 0.4 0.2415 0.2542 0.0128
0.5 0.5 0.3125 0.3380 0.0255
0.5 0.6 0.4090 0.4218 0.0128
0.5 0.7 0.5493 0.5967 0.0474
0.5 0.8 0.7589 0.7717 0.0128
0.5 0.9 1.0717 1.1578 0.0861
0.5 1.0 1.5312 1.5440 0.0127
0.5 1.1 2.1918 2.3382 0.1464
0.5 1.2 3.1196 3.1323 0.0128
0.5 1.3 4.3942 4.6273 0.2331
0.5 1.4 6.1095 6.1222 0.0127
0.5 1.5 8.3750 8.7260 0.3510
0.5 1.6 11.3170 11.3298 0.0127
0.5 1.7 15.0798 15.5847 0.5049
0.5 1.8 19.8269 19.8397 0.0128
0.5 1.9 25.7422 26.4418 0.6996
0.5 2.0 33.0312 33.0440 0.0127
0.6 0.0 0.0778 0.0778 0.0000
0.6 0.1 0.1378 0.1379 0.0002
0.6 0.2 0.1981 0.1981 0.0000
0.6 0.3 0.2602 0.2630 0.0029
0.6 0.4 0.3280 0.3280 0.0000
0.6 0.5 0.4090 0.4218 0.0128
0.6 0.6 0.5155 0.5155 0.0000
0.6 0.7 0.6658 0.7005 0.0346
0.6 0.8 0.8854 0.8854 0.0000
0.6 0.9 1.2083 1.2816 0.0733
0.6 1.0 1.6778 1.6778 0.0000
0.6 1.1 2.3483 2.4819 0.1337
0.6 1.2 3.2861 3.2861 0.0000
0.6 1.3 4.5707 4.7910 0.2203
0.6 1.4 6.2960 6.2960 0.0000
0.6 1.5 8.5715 8.9098 0.3382
0.6 1.6 11.5235 11.5235 0.0000
0.6 1.7 15.2963 15.7885 0.4922
0.6 1.8 20.0534 20.0534 0.0000
0.6 1.9 25.9788 26.6656 0.6868
0.6 2.0 33.2778 33.2778 0.0000
0.7 0.0 0.1681 0.2027 0.0346
0.7 0.1 0.2381 0.2729 0.0348
0.7 0.2 0.3084 0.3430 0.0347
0.7 0.3 0.3805 0.4180 0.0375
0.7 0.4 0.4583 0.4930 0.0346
0.7 0.5 0.5493 0.5967 0.0474
0.7 0.6 0.6658 0.7005 0.0346
0.7 0.7 0.8261 0.8954 0.0693
0.7 0.8 1.0558 1.0904 0.0347
0.7 0.9 1.3886 1.4966 0.1080
0.7 1.0 1.8681 1.9027 0.0346
0.7 1.1 2.5486 2.7169 0.1683
0.7 1.2 3.4964 3.5310 0.0347
0.7 1.3 4.7910 5.0460 0.2550
0.7 1.4 6.5263 6.5610 0.0346
0.7 1.5 8.8118 9.1847 0.3729
0.7 1.6 11.7738 11.8085 0.0346
0.7 1.7 15.5566 16.0834 0.5268
0.7 1.8 20.3238 20.3584 0.0346
0.7 1.9 26.2591 26.9806 0.7215
0.7 2.0 33.5681 33.6027 0.0346
0.8 0.0 0.3277 0.3277 0.0000
0.8 0.1 0.4077 0.4078 0.0001
0.8 0.2 0.4880 0.4880 0.0000
0.8 0.3 0.5701 0.5730 0.0029
0.8 0.4 0.6579 0.6579 0.0000
0.8 0.5 0.7589 0.7717 0.0127
0.8 0.6 0.8854 0.8854 0.0000
0.8 0.7 1.0558 1.0904 0.0347
0.8 0.8 1.2954 1.2954 0.0000
0.8 0.9 1.6382 1.7115 0.0733
0.8 1.0 2.1277 2.1277 0.0000
0.8 1.1 2.8182 2.9518 0.1337
0.8 1.2 3.7760 3.7760 0.0000
0.8 1.3 5.0806 5.3010 0.2203
0.8 1.4 6.8259 6.8259 0.0000
0.8 1.5 9.1214 9.4597 0.3383
0.8 1.6 12.0934 12.0934 0.0000
0.8 1.7 15.8863 16.3784 0.4921
0.8 1.8 20.6634 20.6634 0.0000
0.8 1.9 26.6087 27.2955 0.6868
0.8 2.0 33.9277 33.9277 0.0000
0.9 0.0 0.5905 0.6638 0.0733
0.9 0.1 0.6805 0.7540 0.0735
0.9 0.2 0.7708 0.8442 0.0733
0.9 0.3 0.8629 0.9391 0.0762
0.9 0.4 0.9607 1.0341 0.0733
0.9 0.5 1.0717 1.1578 0.0861
0.9 0.6 1.2083 1.2816 0.0733
0.9 0.7 1.3886 1.4966 0.1080
0.9 0.8 1.6382 1.7115 0.0733
0.9 0.9 1.9910 2.1377 0.1467
0.9 1.0 2.4905 2.5638 0.0733
0.9 1.1 3.1910 3.3980 0.2070
0.9 1.2 4.1588 4.2322 0.0734
0.9 1.3 5.4734 5.7671 0.2937
0.9 1.4 7.2287 7.3021 0.0733
0.9 1.5 9.5342 9.9458 0.4116
0.9 1.6 12.5163 12.5896 0.0733
0.9 1.7 16.3191 16.8846 0.5655
0.9 1.8 21.1062 21.1795 0.0733
0.9 1.9 27.0615 27.8217 0.7602
0.9 2.0 34.3905 34.4638 0.0733
1.0 0.0 1.0000 1.0000 0.0000
1.0 0.1 1.1000 1.1002 0.0001
1.0 0.2 1.2003 1.2003 0.0000
1.0 0.3 1.3024 1.3053 0.0029
1.0 0.4 1.4102 1.4102 0.0000
1.0 0.5 1.5312 1.5440 0.0127
1.0 0.6 1.6778 1.6778 0.0000
1.0 0.7 1.8681 1.9027 0.0346
1.0 0.8 2.1277 2.1277 0.0000
1.0 0.9 2.4905 2.5638 0.0734
1.0 1.0 3.0000 3.0000 0.0000
1.0 1.1 3.7105 3.8442 0.1337
1.0 1.2 4.6883 4.6883 0.0000
1.0 1.3 6.0129 6.2333 0.2204
1.0 1.4 7.7782 7.7782 0.0000
1.0 1.5 10.0938 10.4320 0.3382
1.0 1.6 13.0858 13.0858 0.0000
1.0 1.7 16.8986 17.3907 0.4921
1.0 1.8 21.6957 21.6957 0.0000
1.0 1.9 27.6610 28.3478 0.6868
1.0 2.0 35.0000 35.0000 0.0000
1.1 0.0 1.6105 1.7442 0.1337
1.1 0.1 1.7205 1.8543 0.1338
1.1 0.2 1.8308 1.9645 0.1337
1.1 0.3 1.9429 2.0794 0.1365
1.1 0.4 2.0608 2.1944 0.1337
1.1 0.5 2.1918 2.3382 0.1464
1.1 0.6 2.3483 2.4819 0.1337
1.1 0.7 2.5486 2.7169 0.1683
1.1 0.8 2.8182 2.9518 0.1337
1.1 0.9 3.1910 3.3980 0.2070
1.1 1.0 3.7105 3.8442 0.1337
1.1 1.1 4.4310 4.6983 0.2673
1.1 1.2 5.4188 5.5525 0.1337
1.1 1.3 6.7534 7.1074 0.3540
1.1 1.4 8.5288 8.6624 0.1336
1.1 1.5 10.8543 11.3262 0.4719
1.1 1.6 13.8563 13.9899 0.1337
1.1 1.7 17.6791 18.3049 0.6258
1.1 1.8 22.4862 22.6198 0.1336
1.1 1.9 28.4615 29.2820 0.8205
1.1 2.0 35.8105 35.9442 0.1336
1.2 0.0 2.4883 2.4883 0.0000
1.2 0.1 2.6083 2.6085 0.0002
1.2 0.2 2.7286 2.7286 0.0000
1.2 0.3 2.8508 2.8536 0.0029
1.2 0.4 2.9786 2.9786 0.0000
1.2 0.5 3.1196 3.1323 0.0128
1.2 0.6 3.2861 3.2861 0.0000
1.2 0.7 3.4964 3.5310 0.0347
1.2 0.8 3.7760 3.7760 0.0000
1.2 0.9 4.1588 4.2322 0.0734
1.2 1.0 4.6883 4.6883 0.0000
1.2 1.1 5.4188 5.5525 0.1337
1.2 1.2 6.4166 6.4166 0.0000
1.2 1.3 7.7613 7.9816 0.2204
1.2 1.4 9.5466 9.5466 0.0000
1.2 1.5 11.8821 12.2203 0.3383
1.2 1.6 14.8941 14.8941 0.0000
1.2 1.7 18.7269 19.2190 0.4922
1.2 1.8 23.5440 23.5440 0.0000
1.2 1.9 29.5293 30.2162 0.6868
1.2 2.0 36.8883 36.8883 0.0000
1.3 0.0 3.7129 3.9333 0.2203
1.3 0.1 3.8429 4.0634 0.2205
1.3 0.2 3.9733 4.1936 0.2203
1.3 0.3 4.1054 4.3286 0.2232
1.3 0.4 4.2432 4.4635 0.2203
1.3 0.5 4.3942 4.6273 0.2331
1.3 0.6 4.5707 4.7910 0.2203
1.3 0.7 4.7910 5.0460 0.2550
1.3 0.8 5.0806 5.3010 0.2203
1.3 0.9 5.4734 5.7671 0.2937
1.3 1.0 6.0129 6.2333 0.2203
1.3 1.1 6.7534 7.1074 0.3540
1.3 1.2 7.7613 7.9816 0.2204
1.3 1.3 9.1159 9.5566 0.4407
1.3 1.4 10.9112 11.1315 0.2203
1.3 1.5 13.2567 13.8153 0.5586
1.3 1.6 16.2787 16.4990 0.2203
1.3 1.7 20.1215 20.8340 0.7125
1.3 1.8 24.9486 25.1690 0.2203
1.3 1.9 30.9439 31.8511 0.9072
1.3 2.0 38.3129 38.5333 0.2203
1.4 0.0 5.3782 5.3782 0.0000
1.4 0.1 5.5183 5.5184 0.0001
1.4 0.2 5.6586 5.6586 0.0000
1.4 0.3 5.8007 5.8035 0.0028
1.4 0.4 5.9485 5.9485 0.0000
1.4 0.5 6.1095 6.1222 0.0127
1.4 0.6 6.2960 6.2960 0.0000
1.4 0.7 6.5263 6.5610 0.0346
1.4 0.8 6.8259 6.8259 0.0000
1.4 0.9 7.2287 7.3021 0.0733
1.4 1.0 7.7782 7.7782 0.0000
1.4 1.1 8.5288 8.6624 0.1336
1.4 1.2 9.5466 9.5466 0.0000
1.4 1.3 10.9112 11.1315 0.2203
1.4 1.4 12.7165 12.7165 0.0000
1.4 1.5 15.0720 15.4102 0.3383
1.4 1.6 18.1040 18.1040 0.0000
1.4 1.7 21.9568 22.4490 0.4921
1.4 1.8 26.7939 26.7939 0.0000
1.4 1.9 32.7992 33.4861 0.6868
1.4 2.0 40.1782 40.1782 0.0000
1.5 0.0 7.5938 7.9320 0.3382
1.5 0.1 7.7438 8.0822 0.3384
1.5 0.2 7.8941 8.2323 0.3382
1.5 0.3 8.0462 8.3873 0.3411
1.5 0.4 8.2040 8.5422 0.3383
1.5 0.5 8.3750 8.7260 0.3510
1.5 0.6 8.5715 8.9098 0.3383
1.5 0.7 8.8118 9.1847 0.3729
1.5 0.8 9.1214 9.4597 0.3382
1.5 0.9 9.5342 9.9458 0.4116
1.5 1.0 10.0938 10.4320 0.3382
1.5 1.1 10.8543 11.3262 0.4719
1.5 1.2 11.8821 12.2203 0.3383
1.5 1.3 13.2567 13.8153 0.5586
1.5 1.4 15.0720 15.4102 0.3383
1.5 1.5 17.4375 18.1140 0.6765
1.5 1.6 20.4795 20.8178 0.3382
1.5 1.7 24.3423 25.1727 0.8304
1.5 1.8 29.1894 29.5277 0.3382
1.5 1.9 35.2047 36.2298 1.0251
1.5 2.0 42.5938 42.9320 0.3382
1.6 0.0 10.4858 10.4858 0.0000
1.6 0.1 10.6458 10.6459 0.0002
1.6 0.2 10.8061 10.8061 0.0000
1.6 0.3 10.9682 10.9710 0.0028
1.6 0.4 11.1360 11.1360 0.0000
1.6 0.5 11.3170 11.3298 0.0127
1.6 0.6 11.5235 11.5235 0.0000
1.6 0.7 11.7738 11.8085 0.0346
1.6 0.8 12.0934 12.0934 0.0000
1.6 0.9 12.5163 12.5896 0.0733
1.6 1.0 13.0858 13.0858 0.0000
1.6 1.1 13.8563 13.9899 0.1336
1.6 1.2 14.8941 14.8941 0.0000
1.6 1.3 16.2787 16.4990 0.2203
1.6 1.4 18.1040 18.1040 0.0000
1.6 1.5 20.4795 20.8178 0.3382
1.6 1.6 23.5315 23.5315 0.0000
1.6 1.7 27.4043 27.8965 0.4922
1.6 1.8 32.2614 32.2614 0.0000
1.6 1.9 38.2868 38.9736 0.6868
1.6 2.0 45.6858 45.6858 0.0000
1.7 0.0 14.1986 14.6907 0.4921
1.7 0.1 14.3686 14.8609 0.4923
1.7 0.2 14.5389 15.0310 0.4921
1.7 0.3 14.7110 15.2060 0.4950
1.7 0.4 14.8888 15.3810 0.4921
1.7 0.5 15.0798 15.5847 0.5049
1.7 0.6 15.2963 15.7885 0.4922
1.7 0.7 15.5566 16.0834 0.5268
1.7 0.8 15.8863 16.3784 0.4921
1.7 0.9 16.3191 16.8846 0.5655
1.7 1.0 16.8986 17.3907 0.4921
1.7 1.1 17.6791 18.3049 0.6258
1.7 1.2 18.7269 19.2190 0.4921
1.7 1.3 20.1215 20.8340 0.7125
1.7 1.4 21.9568 22.4490 0.4921
1.7 1.5 24.3423 25.1727 0.8304
1.7 1.6 27.4043 27.8965 0.4921
1.7 1.7 31.2871 32.2714 0.9843
1.7 1.8 36.1543 36.6464 0.4921
1.7 1.9 42.1896 43.3686 1.1790
1.7 2.0 49.5986 50.0907 0.4922
1.8 0.0 18.8957 18.8957 0.0000
1.8 0.1 19.0757 19.0758 0.0001
1.8 0.2 19.2560 19.2560 0.0000
1.8 0.3 19.4381 19.4410 0.0028
1.8 0.4 19.6259 19.6259 0.0000
1.8 0.5 19.8269 19.8397 0.0128
1.8 0.6 20.0534 20.0534 0.0000
1.8 0.7 20.3238 20.3584 0.0346
1.8 0.8 20.6634 20.6634 0.0000
1.8 0.9 21.1062 21.1795 0.0734
1.8 1.0 21.6957 21.6957 0.0000
1.8 1.1 22.4862 22.6198 0.1336
1.8 1.2 23.5440 23.5440 0.0000
1.8 1.3 24.9486 25.1690 0.2203
1.8 1.4 26.7939 26.7939 0.0000
1.8 1.5 29.1894 29.5277 0.3382
1.8 1.6 32.2614 32.2614 0.0000
1.8 1.7 36.1543 36.6464 0.4922
1.8 1.8 41.0314 41.0314 0.0000
1.8 1.9 47.0767 47.7635 0.6868
1.8 2.0 54.4957 54.4957 0.0000
1.9 0.0 24.7610 25.4478 0.6868
1.9 0.1 24.9510 25.6380 0.6870
1.9 0.2 25.1413 25.8282 0.6868
1.9 0.3 25.3334 26.0231 0.6897
1.9 0.4 25.5312 26.2181 0.6868
1.9 0.5 25.7422 26.4418 0.6996
1.9 0.6 25.9788 26.6656 0.6868
1.9 0.7 26.2591 26.9806 0.7215
1.9 0.8 26.6087 27.2955 0.6868
1.9 0.9 27.0615 27.8217 0.7602
1.9 1.0 27.6610 28.3478 0.6868
1.9 1.1 28.4615 29.2820 0.8205
1.9 1.2 29.5293 30.2162 0.6868
1.9 1.3 30.9439 31.8511 0.9072
1.9 1.4 32.7992 33.4861 0.6868
1.9 1.5 35.2047 36.2298 1.0251
1.9 1.6 38.2868 38.9736 0.6868
1.9 1.7 42.1896 43.3686 1.1790
1.9 1.8 47.0767 47.7635 0.6868
1.9 1.9 53.1320 54.5057 1.3737
1.9 2.0 60.5610 61.2478 0.6868
2.0 0.0 32.0000 32.0000 0.0000
2.0 0.1 32.2000 32.2002 0.0001
2.0 0.2 32.4003 32.4003 0.0000
2.0 0.3 32.6024 32.6053 0.0028
2.0 0.4 32.8102 32.8102 0.0000
2.0 0.5 33.0312 33.0440 0.0127
2.0 0.6 33.2778 33.2778 0.0000
2.0 0.7 33.5681 33.6027 0.0346
2.0 0.8 33.9277 33.9277 0.0000
2.0 0.9 34.3905 34.4638 0.0733
2.0 1.0 35.0000 35.0000 0.0000
2.0 1.1 35.8105 35.9442 0.1337
2.0 1.2 36.8883 36.8883 0.0000
2.0 1.3 38.3129 38.5333 0.2203
2.0 1.4 40.1782 40.1782 0.0000
2.0 1.5 42.5938 42.9320 0.3383
2.0 1.6 45.6858 45.6858 0.0000
2.0 1.7 49.5986 50.0907 0.4922
2.0 1.8 54.4957 54.4957 0.0000
2.0 1.9 60.5610 61.2478 0.6868
2.0 2.0 68.0000 68.0000 0.0000
