0.0 0.0 128.0000 128.0000 0.0000
0.0 0.1 127.3605 127.3600 0.0005
0.0 0.2 125.4485 125.4485 0.0000
0.0 0.3 122.2831 122.2826 0.0005
0.0 0.4 117.8958 117.8958 0.0000
0.0 0.5 112.3306 112.3301 0.0005
0.0 0.6 105.6430 105.6430 0.0000
0.0 0.7 97.8998 97.8994 0.0004
0.0 0.8 89.1785 89.1785 0.0000
0.0 0.9 79.5661 79.5657 0.0003
0.0 1.0 69.1587 69.1587 0.0000
0.0 1.1 58.0603 58.0601 0.0002
0.0 1.2 46.3818 46.3818 0.0000
0.0 1.3 34.2399 34.2397 0.0001
0.0 1.4 21.7558 21.7558 0.0000
0.0 1.5 9.0544 9.0543 0.0000
0.0 1.6 -3.7375 -3.7375 0.0000
0.0 1.7 -16.4921 -16.4920 0.0001
0.0 1.8 -29.0819 -29.0819 0.0000
0.0 1.9 -41.3811 -41.3809 0.0002
0.0 2.0 -53.2668 -53.2668 0.0000
0.1 0.0 140.7787 140.7786 0.0001
0.1 0.1 140.1392 140.1386 0.0006
0.1 0.2 138.2272 138.2271 0.0001
0.1 0.3 135.0617 135.0612 0.0006
0.1 0.4 130.6745 130.6744 0.0001
0.1 0.5 125.1092 125.1087 0.0005
0.1 0.6 118.4216 118.4216 0.0001
0.1 0.7 110.6785 110.6780 0.0005
0.1 0.8 101.9571 101.9571 0.0001
0.1 0.9 92.3448 92.3444 0.0004
0.1 1.0 81.9374 81.9373 0.0001
0.1 1.1 70.8390 70.8387 0.0003
0.1 1.2 59.1605 59.1604 0.0001
0.1 1.3 47.0185 47.0183 0.0002
0.1 1.4 34.5345 34.5344 0.0001
0.1 1.5 21.8330 21.8329 0.0001
0.1 1.6 9.0411 9.0411 0.0001
0.1 1.7 -3.7134 -3.7134 0.0000
0.1 1.8 -16.3032 -16.3032 0.0001
0.1 1.9 -28.6024 -28.6023 0.0001
0.1 2.0 -40.4881 -40.4882 0.0001
0.2 0.0 153.4297 153.4297 0.0000
0.2 0.1 152.7902 152.7897 0.0005
0.2 0.2 150.8782 150.8782 0.0000
0.2 0.3 147.7127 147.7122 0.0005
0.2 0.4 143.3255 143.3255 0.0000
0.2 0.5 137.7602 137.7598 0.0005
0.2 0.6 131.0726 131.0726 0.0000
0.2 0.7 123.3295 123.3291 0.0004
0.2 0.8 114.6081 114.6081 0.0000
0.2 0.9 104.9958 104.9954 0.0003
0.2 1.0 94.5884 94.5884 0.0000
0.2 1.1 83.4900 83.4897 0.0002
0.2 1.2 71.8115 71.8115 0.0000
0.2 1.3 59.6695 59.6694 0.0001
0.2 1.4 47.1855 47.1855 0.0000
0.2 1.5 34.4840 34.4840 0.0000
0.2 1.6 21.6921 21.6921 0.0000
0.2 1.7 8.9376 8.9376 0.0001
0.2 1.8 -3.6522 -3.6522 0.0000
0.2 1.9 -15.9514 -15.9512 0.0002
0.2 2.0 -27.8371 -27.8371 0.0000
0.3 0.0 165.8266 165.8264 0.0002
0.3 0.1 165.1871 165.1864 0.0007
0.3 0.2 163.2751 163.2750 0.0002
0.3 0.3 160.1097 160.1090 0.0007
0.3 0.4 155.7224 155.7222 0.0002
0.3 0.5 150.1572 150.1565 0.0006
0.3 0.6 143.4695 143.4694 0.0002
0.3 0.7 135.7264 135.7258 0.0006
0.3 0.8 127.0050 127.0049 0.0002
0.3 0.9 117.3927 117.3922 0.0005
0.3 1.0 106.9853 106.9851 0.0002
0.3 1.1 95.8869 95.8865 0.0004
0.3 1.2 84.2084 84.2082 0.0002
0.3 1.3 72.0664 72.0661 0.0003
0.3 1.4 59.5824 59.5822 0.0002
0.3 1.5 46.8809 46.8808 0.0002
0.3 1.6 34.0890 34.0889 0.0002
0.3 1.7 21.3345 21.3344 0.0001
0.3 1.8 8.7447 8.7446 0.0002
0.3 1.9 -3.5545 -3.5545 0.0000
0.3 2.0 -15.4402 -15.4404 0.0002
0.4 0.0 177.8455 177.8455 0.0000
0.4 0.1 177.2061 177.2056 0.0005
0.4 0.2 175.2941 175.2941 0.0000
0.4 0.3 172.1286 172.1281 0.0005
0.4 0.4 167.7414 167.7414 0.0000
0.4 0.5 162.1761 162.1756 0.0005
0.4 0.6 155.4885 155.4885 0.0000
0.4 0.7 147.7453 147.7449 0.0004
0.4 0.8 139.0240 139.0240 0.0000
0.4 0.9 129.4116 129.4113 0.0003
0.4 1.0 119.0042 119.0042 0.0000
0.4 1.1 107.9059 107.9056 0.0002
0.4 1.2 96.2273 96.2273 0.0000
0.4 1.3 84.0854 84.0853 0.0001
0.4 1.4 71.6013 71.6013 0.0000
0.4 1.5 58.8999 58.8999 0.0000
0.4 1.6 46.1080 46.1080 0.0000
0.4 1.7 33.3535 33.3535 0.0001
0.4 1.8 20.7637 20.7637 0.0000
0.4 1.9 8.4645 8.4647 0.0002
0.4 2.0 -3.4212 -3.4212 0.0000
0.5 0.0 189.3665 189.3662 0.0003
0.5 0.1 188.7270 188.7262 0.0008
0.5 0.2 186.8150 186.8147 0.0003
0.5 0.3 183.6495 183.6488 0.0008
0.5 0.4 179.2623 179.2620 0.0003
0.5 0.5 173.6970 173.6963 0.0007
0.5 0.6 167.0094 167.0092 0.0003
0.5 0.7 159.2663 159.2656 0.0007
0.5 0.8 150.5449 150.5447 0.0003
0.5 0.9 140.9325 140.9320 0.0006
0.5 1.0 130.5252 130.5249 0.0003
0.5 1.1 119.4268 119.4263 0.0005
0.5 1.2 107.7483 107.7480 0.0003
0.5 1.3 95.6063 95.6059 0.0004
0.5 1.4 83.1223 83.1220 0.0003
0.5 1.5 70.4208 70.4205 0.0003
0.5 1.6 57.6289 57.6287 0.0003
0.5 1.7 44.8744 44.8742 0.0002
0.5 1.8 32.2846 32.2843 0.0003
0.5 1.9 19.9854 19.9853 0.0001
0.5 2.0 8.0997 8.0994 0.0003
0.6 0.0 200.2742 200.2742 0.0000
0.6 0.1 199.6348 199.6342 0.0005
0.6 0.2 197.7228 197.7228 0.0000
0.6 0.3 194.5573 194.5568 0.0005
0.6 0.4 190.1700 190.1700 0.0000
0.6 0.5 184.6048 184.6043 0.0005
0.6 0.6 177.9172 177.9172 0.0000
0.6 0.7 170.1740 170.1736 0.0004
0.6 0.8 161.4527 161.4527 0.0000
0.6 0.9 151.8403 151.8400 0.0003
0.6 1.0 141.4329 141.4329 0.0000
0.6 1.1 130.3345 130.3343 0.0002
0.6 1.2 118.6560 118.6560 0.0000
0.6 1.3 106.5141 106.5139 0.0001
0.6 1.4 94.0300 94.0300 0.0000
0.6 1.5 81.3286 81.3286 0.0000
0.6 1.6 68.5367 68.5367 0.0000
0.6 1.7 55.7821 55.7822 0.0001
0.6 1.8 43.1924 43.1924 0.0000
0.6 1.9 30.8932 30.8933 0.0002
0.6 2.0 19.0074 19.0074 0.0000
0.7 0.0 210.4599 210.4595 0.0003
0.7 0.1 209.8204 209.8195 0.0009
0.7 0.2 207.9084 207.9080 0.0003
0.7 0.3 204.7429 204.7421 0.0009
0.7 0.4 200.3557 200.3553 0.0003
0.7 0.5 194.7904 194.7896 0.0008
0.7 0.6 188.1028 188.1025 0.0003
0.7 0.7 180.3597 180.3589 0.0008
0.7 0.8 171.6383 171.6380 0.0003
0.7 0.9 162.0259 162.0253 0.0007
0.7 1.0 151.6186 151.6182 0.0003
0.7 1.1 140.5202 140.5196 0.0006
0.7 1.2 128.8417 128.8413 0.0003
0.7 1.3 116.6997 116.6992 0.0005
0.7 1.4 104.2157 104.2153 0.0003
0.7 1.5 91.5142 91.5138 0.0004
0.7 1.6 78.7223 78.7220 0.0003
0.7 1.7 65.9678 65.9675 0.0003
0.7 1.8 53.3780 53.3777 0.0003
0.7 1.9 41.0788 41.0786 0.0002
0.7 2.0 29.1931 29.1927 0.0003
0.8 0.0 219.8216 219.8216 0.0000
0.8 0.1 219.1821 219.1816 0.0005
0.8 0.2 217.2701 217.2701 0.0000
0.8 0.3 214.1047 214.1041 0.0005
0.8 0.4 209.7174 209.7174 0.0000
0.8 0.5 204.1521 204.1517 0.0005
0.8 0.6 197.4645 197.4645 0.0000
0.8 0.7 189.7214 189.7210 0.0004
0.8 0.8 181.0000 181.0000 0.0000
0.8 0.9 171.3877 171.3873 0.0003
0.8 1.0 160.9803 160.9803 0.0000
0.8 1.1 149.8819 149.8816 0.0002
0.8 1.2 138.2034 138.2034 0.0000
0.8 1.3 126.0614 126.0613 0.0001
0.8 1.4 113.5774 113.5774 0.0000
0.8 1.5 100.8759 100.8759 0.0000
0.8 1.6 88.0840 88.0840 0.0000
0.8 1.7 75.3295 75.3296 0.0001
0.8 1.8 62.7397 62.7397 0.0000
0.8 1.9 50.4405 50.4407 0.0002
0.8 2.0 38.5548 38.5548 0.0000
0.9 0.0 228.2658 228.2654 0.0004
0.9 0.1 227.6264 227.6254 0.0009
0.9 0.2 225.7144 225.7139 0.0004
0.9 0.3 222.5489 222.5480 0.0009
0.9 0.4 218.1617 218.1612 0.0004
0.9 0.5 212.5964 212.5955 0.0009
0.9 0.6 205.9088 205.9084 0.0004
0.9 0.7 198.1656 198.1648 0.0008
0.9 0.8 189.4443 189.4439 0.0004
0.9 0.9 179.8319 179.8312 0.0007
0.9 1.0 169.4245 169.4241 0.0004
0.9 1.1 158.3261 158.3255 0.0007
0.9 1.2 146.6476 146.6472 0.0004
0.9 1.3 134.5057 134.5051 0.0006
0.9 1.4 122.0216 122.0212 0.0004
0.9 1.5 109.3202 109.3198 0.0005
0.9 1.6 96.5283 96.5279 0.0004
0.9 1.7 83.7737 83.7734 0.0003
0.9 1.8 71.1840 71.1836 0.0004
0.9 1.9 58.8848 58.8845 0.0002
0.9 2.0 46.9990 46.9986 0.0004
1.0 0.0 235.7083 235.7083 0.0000
1.0 0.1 235.0688 235.0683 0.0005
1.0 0.2 233.1568 233.1568 0.0000
1.0 0.3 229.9914 229.9908 0.0005
1.0 0.4 225.6041 225.6041 0.0000
1.0 0.5 220.0389 220.0384 0.0005
1.0 0.6 213.3512 213.3512 0.0000
1.0 0.7 205.6081 205.6077 0.0004
1.0 0.8 196.8867 196.8867 0.0000
1.0 0.9 187.2744 187.2740 0.0003
1.0 1.0 176.8670 176.8670 0.0000
1.0 1.1 165.7686 165.7683 0.0002
1.0 1.2 154.0901 154.0901 0.0000
1.0 1.3 141.9481 141.9480 0.0001
1.0 1.4 129.4641 129.4641 0.0000
1.0 1.5 116.7626 116.7626 0.0000
1.0 1.6 103.9707 103.9707 0.0000
1.0 1.7 91.2162 91.2163 0.0001
1.0 1.8 78.6264 78.6264 0.0000
1.0 1.9 66.3272 66.3274 0.0002
1.0 2.0 54.4415 54.4415 0.0000
1.1 0.0 242.0745 242.0741 0.0005
1.1 0.1 241.4351 241.4341 0.0010
1.1 0.2 239.5231 239.5226 0.0005
1.1 0.3 236.3576 236.3566 0.0010
1.1 0.4 231.9703 231.9699 0.0005
1.1 0.5 226.4051 226.4042 0.0009
1.1 0.6 219.7175 219.7170 0.0005
1.1 0.7 211.9743 211.9735 0.0009
1.1 0.8 203.2530 203.2525 0.0005
1.1 0.9 193.6406 193.6398 0.0008
1.1 1.0 183.2332 183.2328 0.0005
1.1 1.1 172.1348 172.1341 0.0007
1.1 1.2 160.4563 160.4559 0.0005
1.1 1.3 148.3144 148.3138 0.0006
1.1 1.4 135.8303 135.8299 0.0005
1.1 1.5 123.1289 123.1284 0.0005
1.1 1.6 110.3370 110.3365 0.0005
1.1 1.7 97.5824 97.5820 0.0004
1.1 1.8 84.9927 84.9922 0.0005
1.1 1.9 72.6935 72.6932 0.0003
1.1 2.0 60.8077 60.8073 0.0005
1.2 0.0 247.3010 247.3010 0.0000
1.2 0.1 246.6615 246.6610 0.0005
1.2 0.2 244.7495 244.7495 0.0000
1.2 0.3 241.5841 241.5836 0.0005
1.2 0.4 237.1968 237.1968 0.0000
1.2 0.5 231.6316 231.6311 0.0005
1.2 0.6 224.9440 224.9440 0.0000
1.2 0.7 217.2008 217.2004 0.0004
1.2 0.8 208.4795 208.4795 0.0000
1.2 0.9 198.8671 198.8667 0.0003
1.2 1.0 188.4597 188.4597 0.0000
1.2 1.1 177.3613 177.3611 0.0002
1.2 1.2 165.6828 165.6828 0.0000
1.2 1.3 153.5409 153.5407 0.0001
1.2 1.4 141.0568 141.0568 0.0000
1.2 1.5 128.3554 128.3553 0.0000
1.2 1.6 115.5635 115.5635 0.0000
1.2 1.7 102.8089 102.8090 0.0001
1.2 1.8 90.2191 90.2191 0.0000
1.2 1.9 77.9199 77.9201 0.0002
1.2 2.0 66.0342 66.0342 0.0000
1.3 0.0 251.3354 251.3349 0.0005
1.3 0.1 250.6960 250.6949 0.0010
1.3 0.2 248.7840 248.7835 0.0005
1.3 0.3 245.6185 245.6175 0.0010
1.3 0.4 241.2313 241.2307 0.0005
1.3 0.5 235.6660 235.6650 0.0010
1.3 0.6 228.9784 228.9779 0.0005
1.3 0.7 221.2352 221.2343 0.0009
1.3 0.8 212.5139 212.5134 0.0005
1.3 0.9 202.9015 202.9007 0.0008
1.3 1.0 192.4941 192.4936 0.0005
1.3 1.1 181.3958 181.3950 0.0008
1.3 1.2 169.7172 169.7167 0.0005
1.3 1.3 157.5753 157.5746 0.0007
1.3 1.4 145.0912 145.0907 0.0005
1.3 1.5 132.3898 132.3893 0.0006
1.3 1.6 119.5979 119.5974 0.0005
1.3 1.7 106.8434 106.8429 0.0004
1.3 1.8 94.2536 94.2531 0.0005
1.3 1.9 81.9544 81.9540 0.0003
1.3 2.0 70.0687 70.0681 0.0005
1.4 0.0 254.1376 254.1376 0.0000
1.4 0.1 253.4981 253.4976 0.0005
1.4 0.2 251.5861 251.5861 0.0000
1.4 0.3 248.4206 248.4201 0.0005
1.4 0.4 244.0334 244.0334 0.0000
1.4 0.5 238.4681 238.4677 0.0005
1.4 0.6 231.7805 231.7805 0.0000
1.4 0.7 224.0374 224.0370 0.0004
1.4 0.8 215.3160 215.3160 0.0000
1.4 0.9 205.7036 205.7033 0.0003
1.4 1.0 195.2963 195.2963 0.0000
1.4 1.1 184.1979 184.1976 0.0002
1.4 1.2 172.5194 172.5194 0.0000
1.4 1.3 160.3774 160.3773 0.0001
1.4 1.4 147.8934 147.8934 0.0000
1.4 1.5 135.1919 135.1919 0.0000
1.4 1.6 122.4000 122.4000 0.0000
1.4 1.7 109.6455 109.6455 0.0001
1.4 1.8 97.0557 97.0557 0.0000
1.4 1.9 84.7565 84.7567 0.0002
1.4 2.0 72.8708 72.8708 0.0000
1.5 0.0 255.6794 255.6788 0.0005
1.5 0.1 255.0399 255.0388 0.0011
1.5 0.2 253.1279 253.1273 0.0005
1.5 0.3 249.9624 249.9614 0.0010
1.5 0.4 245.5752 245.5746 0.0005
1.5 0.5 240.0099 240.0089 0.0010
1.5 0.6 233.3223 233.3218 0.0005
1.5 0.7 225.5792 225.5782 0.0009
1.5 0.8 216.8578 216.8573 0.0005
1.5 0.9 207.2454 207.2446 0.0009
1.5 1.0 196.8381 196.8375 0.0005
1.5 1.1 185.7397 185.7389 0.0008
1.5 1.2 174.0612 174.0606 0.0005
1.5 1.3 161.9192 161.9185 0.0007
1.5 1.4 149.4352 149.4346 0.0005
1.5 1.5 136.7337 136.7332 0.0006
1.5 1.6 123.9418 123.9413 0.0005
1.5 1.7 111.1873 111.1868 0.0005
1.5 1.8 98.5975 98.5970 0.0005
1.5 1.9 86.2983 86.2979 0.0004
1.5 2.0 74.4126 74.4120 0.0005
1.6 0.0 255.9454 255.9454 0.0000
1.6 0.1 255.3060 255.3054 0.0005
1.6 0.2 253.3939 253.3939 0.0000
1.6 0.3 250.2285 250.2280 0.0005
1.6 0.4 245.8412 245.8412 0.0000
1.6 0.5 240.2760 240.2755 0.0005
1.6 0.6 233.5884 233.5884 0.0000
1.6 0.7 225.8452 225.8448 0.0004
1.6 0.8 217.1239 217.1239 0.0000
1.6 0.9 207.5115 207.5112 0.0003
1.6 1.0 197.1041 197.1041 0.0000
1.6 1.1 186.0057 186.0055 0.0002
1.6 1.2 174.3272 174.3272 0.0000
1.6 1.3 162.1853 162.1851 0.0001
1.6 1.4 149.7012 149.7012 0.0000
1.6 1.5 136.9998 136.9997 0.0000
1.6 1.6 124.2079 124.2079 0.0000
1.6 1.7 111.4533 111.4534 0.0001
1.6 1.8 98.8636 98.8636 0.0000
1.6 1.9 86.5644 86.5645 0.0002
1.6 2.0 74.6786 74.6786 0.0000
1.7 0.0 254.9331 254.9326 0.0005
1.7 0.1 254.2936 254.2926 0.0011
1.7 0.2 252.3816 252.3811 0.0005
1.7 0.3 249.2162 249.2151 0.0010
1.7 0.4 244.8289 244.8284 0.0005
1.7 0.5 239.2637 239.2627 0.0010
1.7 0.6 232.5761 232.5755 0.0005
1.7 0.7 224.8329 224.8320 0.0009
1.7 0.8 216.1116 216.1110 0.0005
1.7 0.9 206.4992 206.4983 0.0009
1.7 1.0 196.0918 196.0913 0.0005
1.7 1.1 184.9934 184.9926 0.0008
1.7 1.2 173.3149 173.3144 0.0005
1.7 1.3 161.1729 161.1723 0.0007
1.7 1.4 148.6889 148.6884 0.0005
1.7 1.5 135.9875 135.9869 0.0006
1.7 1.6 123.1956 123.1950 0.0005
1.7 1.7 110.4410 110.4405 0.0005
1.7 1.8 97.8512 97.8507 0.0005
1.7 1.9 85.5520 85.5517 0.0004
1.7 2.0 73.6663 73.6658 0.0005
1.8 0.0 252.6525 252.6525 0.0000
1.8 0.1 252.0130 252.0125 0.0005
1.8 0.2 250.1010 250.1010 0.0000
1.8 0.3 246.9356 246.9351 0.0005
1.8 0.4 242.5483 242.5483 0.0000
1.8 0.5 236.9831 236.9826 0.0005
1.8 0.6 230.2955 230.2955 0.0000
1.8 0.7 222.5523 222.5519 0.0004
1.8 0.8 213.8310 213.8310 0.0000
1.8 0.9 204.2186 204.2182 0.0003
1.8 1.0 193.8112 193.8112 0.0000
1.8 1.1 182.7128 182.7126 0.0002
1.8 1.2 171.0343 171.0343 0.0000
1.8 1.3 158.8923 158.8922 0.0001
1.8 1.4 146.4083 146.4083 0.0000
1.8 1.5 133.7069 133.7068 0.0000
1.8 1.6 120.9150 120.9150 0.0000
1.8 1.7 108.1604 108.1605 0.0001
1.8 1.8 95.5706 95.5706 0.0000
1.8 1.9 83.2714 83.2716 0.0002
1.8 2.0 71.3857 71.3857 0.0000
1.9 0.0 249.1264 249.1259 0.0005
1.9 0.1 248.4869 248.4859 0.0010
1.9 0.2 246.5749 246.5744 0.0005
1.9 0.3 243.4095 243.4085 0.0010
1.9 0.4 239.0222 239.0217 0.0005
1.9 0.5 233.4570 233.4560 0.0010
1.9 0.6 226.7694 226.7689 0.0005
1.9 0.7 219.0262 219.0253 0.0009
1.9 0.8 210.3049 210.3044 0.0005
1.9 0.9 200.6925 200.6917 0.0008
1.9 1.0 190.2851 190.2846 0.0005
1.9 1.1 179.1867 179.1860 0.0007
1.9 1.2 167.5082 167.5077 0.0005
1.9 1.3 155.3663 155.3656 0.0006
1.9 1.4 142.8822 142.8817 0.0005
1.9 1.5 130.1808 130.1802 0.0005
1.9 1.6 117.3889 117.3884 0.0005
1.9 1.7 104.6343 104.6339 0.0004
1.9 1.8 92.0445 92.0440 0.0005
1.9 1.9 79.7453 79.7450 0.0003
1.9 2.0 67.8596 67.8591 0.0005
2.0 0.0 244.3901 244.3901 0.0000
2.0 0.1 243.7506 243.7501 0.0005
2.0 0.2 241.8386 241.8386 0.0000
2.0 0.3 238.6731 238.6726 0.0005
2.0 0.4 234.2859 234.2859 0.0000
2.0 0.5 228.7206 228.7202 0.0005
2.0 0.6 222.0330 222.0330 0.0000
2.0 0.7 214.2899 214.2895 0.0004
2.0 0.8 205.5685 205.5685 0.0000
2.0 0.9 195.9561 195.9558 0.0003
2.0 1.0 185.5488 185.5488 0.0000
2.0 1.1 174.4504 174.4501 0.0002
2.0 1.2 162.7719 162.7719 0.0000
2.0 1.3 150.6299 150.6298 0.0001
2.0 1.4 138.1459 138.1459 0.0000
2.0 1.5 125.4444 125.4444 0.0000
2.0 1.6 112.6525 112.6525 0.0000
2.0 1.7 99.8980 99.8980 0.0001
2.0 1.8 87.3082 87.3082 0.0000
2.0 1.9 75.0090 75.0092 0.0002
2.0 2.0 63.1233 63.1233 0.0000
