0.0 0.0 128.0000 128.0000 0.0000
0.0 0.1 127.3605 126.7243 0.6363
0.0 0.2 125.4485 125.4485 0.0000
0.0 0.3 122.2831 121.6722 0.6109
0.0 0.4 117.8958 117.8958 0.0000
0.0 0.5 112.3306 111.7694 0.5612
0.0 0.6 105.6430 105.6430 0.0000
0.0 0.7 97.8998 97.4107 0.4891
0.0 0.8 89.1785 89.1785 0.0000
0.0 0.9 79.5661 79.1686 0.3975
0.0 1.0 69.1587 69.1587 0.0000
0.0 1.1 58.0603 57.7702 0.2901
0.0 1.2 46.3818 46.3818 0.0000
0.0 1.3 34.2399 34.0688 0.1711
0.0 1.4 21.7558 21.7558 0.0000
0.0 1.5 9.0544 9.0091 0.0452
0.0 1.6 -3.7375 -3.7375 0.0000
0.0 1.7 -16.4921 -16.4097 0.0824
0.0 1.8 -29.0819 -29.0819 0.0000
0.0 1.9 -41.3811 -41.1743 0.2067
0.0 2.0 -53.2668 -53.2668 0.0000
0.1 0.0 140.7787 140.7148 0.0638
0.1 0.1 140.1392 139.4391 0.7001
0.1 0.2 138.2272 138.1634 0.0638
0.1 0.3 135.0617 134.3870 0.6747
0.1 0.4 130.6745 130.6106 0.0638
0.1 0.5 125.1092 124.4842 0.6250
0.1 0.6 118.4216 118.3578 0.0638
0.1 0.7 110.6785 110.1255 0.5529
0.1 0.8 101.9571 101.8933 0.0638
0.1 0.9 92.3448 91.8834 0.4613
0.1 1.0 81.9374 81.8735 0.0638
0.1 1.1 70.8390 70.4851 0.3539
0.1 1.2 59.1605 59.0966 0.0638
0.1 1.3 47.0185 46.7836 0.2349
0.1 1.4 34.5345 34.4706 0.0638
0.1 1.5 21.8330 21.7240 0.1091
0.1 1.6 9.0411 8.9773 0.0638
0.1 1.7 -3.7134 -3.6949 0.0186
0.1 1.8 -16.3032 -16.3670 0.0638
0.1 1.9 -28.6024 -28.4595 0.1429
0.1 2.0 -40.4881 -40.5520 0.0638
0.2 0.0 153.4297 153.4297 0.0000
0.2 0.1 152.7902 152.1539 0.6363
0.2 0.2 150.8782 150.8782 0.0000
0.2 0.3 147.7127 147.1018 0.6109
0.2 0.4 143.3255 143.3255 0.0000
0.2 0.5 137.7602 137.1991 0.5612
0.2 0.6 131.0726 131.0726 0.0000
0.2 0.7 123.3295 122.8404 0.4891
0.2 0.8 114.6081 114.6081 0.0000
0.2 0.9 104.9958 104.5983 0.3975
0.2 1.0 94.5884 94.5884 0.0000
0.2 1.1 83.4900 83.1999 0.2901
0.2 1.2 71.8115 71.8115 0.0000
0.2 1.3 59.6695 59.4985 0.1711
0.2 1.4 47.1855 47.1855 0.0000
0.2 1.5 34.4840 34.4388 0.0452
0.2 1.6 21.6921 21.6921 0.0000
0.2 1.7 8.9376 9.0200 0.0824
0.2 1.8 -3.6522 -3.6522 0.0000
0.2 1.9 -15.9514 -15.7447 0.2067
0.2 2.0 -27.8371 -27.8371 0.0000
0.3 0.0 165.8266 165.6376 0.1890
0.3 0.1 165.1871 164.3619 0.8252
0.3 0.2 163.2751 163.0861 0.1890
0.3 0.3 160.1097 159.3098 0.7999
0.3 0.4 155.7224 155.5334 0.1890
0.3 0.5 150.1572 149.4070 0.7502
0.3 0.6 143.4695 143.2806 0.1890
0.3 0.7 135.7264 135.0483 0.6781
0.3 0.8 127.0050 126.8161 0.1890
0.3 0.9 117.3927 116.8062 0.5865
0.3 1.0 106.9853 106.7963 0.1890
0.3 1.1 95.8869 95.4079 0.4790
0.3 1.2 84.2084 84.0194 0.1890
0.3 1.3 72.0664 71.7064 0.3600
0.3 1.4 59.5824 59.3934 0.1890
0.3 1.5 46.8809 46.6467 0.2342
0.3 1.6 34.0890 33.9001 0.1890
0.3 1.7 21.3345 21.2279 0.1066
0.3 1.8 8.7447 8.5557 0.1890
0.3 1.9 -3.5545 -3.5367 0.0178
0.3 2.0 -15.4402 -15.6292 0.1890
0.4 0.0 177.8455 177.8455 0.0000
0.4 0.1 177.2061 176.5698 0.6363
0.4 0.2 175.2941 175.2941 0.0000
0.4 0.3 172.1286 171.5177 0.6109
0.4 0.4 167.7414 167.7414 0.0000
0.4 0.5 162.1761 161.6149 0.5612
0.4 0.6 155.4885 155.4885 0.0000
0.4 0.7 147.7453 147.2563 0.4891
0.4 0.8 139.0240 139.0240 0.0000
0.4 0.9 129.4116 129.0141 0.3975
0.4 1.0 119.0042 119.0042 0.0000
0.4 1.1 107.9059 107.6158 0.2901
0.4 1.2 96.2273 96.2273 0.0000
0.4 1.3 84.0854 83.9143 0.1711
0.4 1.4 71.6013 71.6013 0.0000
0.4 1.5 58.8999 58.8547 0.0452
0.4 1.6 46.1080 46.1080 0.0000
0.4 1.7 33.3535 33.4358 0.0824
0.4 1.8 20.7637 20.7637 0.0000
0.4 1.9 8.4645 8.6712 0.2067
0.4 2.0 -3.4212 -3.4212 0.0000
0.5 0.0 189.3665 189.0599 0.3066
0.5 0.1 188.7270 187.7842 0.9428
0.5 0.2 186.8150 186.5084 0.3066
0.5 0.3 183.6495 182.7321 0.9175
0.5 0.4 179.2623 178.9557 0.3066
0.5 0.5 173.6970 172.8293 0.8678
0.5 0.6 167.0094 166.7029 0.3066
0.5 0.7 159.2663 158.4706 0.7957
0.5 0.8 150.5449 150.2384 0.3066
0.5 0.9 140.9325 140.2285 0.7041
0.5 1.0 130.5252 130.2186 0.3066
0.5 1.1 119.4268 118.8301 0.5966
0.5 1.2 107.7483 107.4417 0.3066
0.5 1.3 95.6063 95.1287 0.4776
0.5 1.4 83.1223 82.8157 0.3066
0.5 1.5 70.4208 70.0690 0.3518
0.5 1.6 57.6289 57.3224 0.3066
0.5 1.7 44.8744 44.6502 0.2242
0.5 1.8 32.2846 31.9780 0.3066
0.5 1.9 19.9854 19.8856 0.0998
0.5 2.0 8.0997 7.7931 0.3066
0.6 0.0 200.2742 200.2742 0.0000
0.6 0.1 199.6348 198.9985 0.6363
0.6 0.2 197.7228 197.7228 0.0000
0.6 0.3 194.5573 193.9464 0.6109
0.6 0.4 190.1700 190.1700 0.0000
0.6 0.5 184.6048 184.0436 0.5612
0.6 0.6 177.9172 177.9172 0.0000
0.6 0.7 170.1740 169.6849 0.4891
0.6 0.8 161.4527 161.4527 0.0000
0.6 0.9 151.8403 151.4428 0.3975
0.6 1.0 141.4329 141.4329 0.0000
0.6 1.1 130.3345 130.0445 0.2901
0.6 1.2 118.6560 118.6560 0.0000
0.6 1.3 106.5141 106.3430 0.1711
0.6 1.4 94.0300 94.0300 0.0000
0.6 1.5 81.3286 81.2834 0.0452
0.6 1.6 68.5367 68.5367 0.0000
0.6 1.7 55.7821 55.8645 0.0824
0.6 1.8 43.1924 43.1924 0.0000
0.6 1.9 30.8932 31.0999 0.2067
0.6 2.0 19.0074 19.0074 0.0000
0.7 0.0 210.4599 210.0479 0.4120
0.7 0.1 209.8204 208.7722 1.0482
0.7 0.2 207.9084 207.4964 0.4120
0.7 0.3 204.7429 203.7201 1.0229
0.7 0.4 200.3557 199.9437 0.4120
0.7 0.5 194.7904 193.8173 0.9731
0.7 0.6 188.1028 187.6909 0.4120
0.7 0.7 180.3597 179.4586 0.9010
0.7 0.8 171.6383 171.2264 0.4120
0.7 0.9 162.0259 161.2165 0.8095
0.7 1.0 151.6186 151.2066 0.4120
0.7 1.1 140.5202 139.8182 0.7020
0.7 1.2 128.8417 128.4297 0.4120
0.7 1.3 116.6997 116.1167 0.5830
0.7 1.4 104.2157 103.8037 0.4120
0.7 1.5 91.5142 91.0570 0.4572
0.7 1.6 78.7223 78.3104 0.4120
0.7 1.7 65.9678 65.6382 0.3296
0.7 1.8 53.3780 52.9660 0.4120
0.7 1.9 41.0788 40.8736 0.2052
0.7 2.0 29.1931 28.7811 0.4120
0.8 0.0 219.8216 219.8216 0.0000
0.8 0.1 219.1821 218.5458 0.6363
0.8 0.2 217.2701 217.2701 0.0000
0.8 0.3 214.1047 213.4937 0.6109
0.8 0.4 209.7174 209.7174 0.0000
0.8 0.5 204.1521 203.5910 0.5612
0.8 0.6 197.4645 197.4645 0.0000
0.8 0.7 189.7214 189.2323 0.4891
0.8 0.8 181.0000 181.0000 0.0000
0.8 0.9 171.3877 170.9902 0.3975
0.8 1.0 160.9803 160.9803 0.0000
0.8 1.1 149.8819 149.5918 0.2901
0.8 1.2 138.2034 138.2034 0.0000
0.8 1.3 126.0614 125.8904 0.1711
0.8 1.4 113.5774 113.5774 0.0000
0.8 1.5 100.8759 100.8307 0.0452
0.8 1.6 88.0840 88.0840 0.0000
0.8 1.7 75.3295 75.4119 0.0824
0.8 1.8 62.7397 62.7397 0.0000
0.8 1.9 50.4405 50.6472 0.2067
0.8 2.0 38.5548 38.5548 0.0000
0.9 0.0 228.2658 227.7649 0.5009
0.9 0.1 227.6264 226.4892 1.1372
0.9 0.2 225.7144 225.2135 0.5009
0.9 0.3 222.5489 221.4371 1.1118
0.9 0.4 218.1617 217.6607 0.5009
0.9 0.5 212.5964 211.5343 1.0621
0.9 0.6 205.9088 205.4079 0.5009
0.9 0.7 198.1656 197.1756 0.9900
0.9 0.8 189.4443 188.9434 0.5009
0.9 0.9 179.8319 178.9335 0.8984
0.9 1.0 169.4245 168.9236 0.5009
0.9 1.1 158.3261 157.5352 0.7910
0.9 1.2 146.6476 146.1467 0.5009
0.9 1.3 134.5057 133.8337 0.6720
0.9 1.4 122.0216 121.5207 0.5009
0.9 1.5 109.3202 108.7741 0.5461
0.9 1.6 96.5283 96.0274 0.5009
0.9 1.7 83.7737 83.3552 0.4185
0.9 1.8 71.1840 70.6831 0.5009
0.9 1.9 58.8848 58.5906 0.2942
0.9 2.0 46.9990 46.4981 0.5009
1.0 0.0 235.7083 235.7083 0.0000
1.0 0.1 235.0688 234.4325 0.6363
1.0 0.2 233.1568 233.1568 0.0000
1.0 0.3 229.9914 229.3805 0.6109
1.0 0.4 225.6041 225.6041 0.0000
1.0 0.5 220.0389 219.4777 0.5612
1.0 0.6 213.3512 213.3512 0.0000
1.0 0.7 205.6081 205.1190 0.4891
1.0 0.8 196.8867 196.8867 0.0000
1.0 0.9 187.2744 186.8769 0.3975
1.0 1.0 176.8670 176.8670 0.0000
1.0 1.1 165.7686 165.4785 0.2901
1.0 1.2 154.0901 154.0901 0.0000
1.0 1.3 141.9481 141.7771 0.1711
1.0 1.4 129.4641 129.4641 0.0000
1.0 1.5 116.7626 116.7174 0.0452
1.0 1.6 103.9707 103.9707 0.0000
1.0 1.7 91.2162 91.2986 0.0824
1.0 1.8 78.6264 78.6264 0.0000
1.0 1.9 66.3272 66.5340 0.2067
1.0 2.0 54.4415 54.4415 0.0000
1.1 0.0 242.0745 241.5046 0.5699
1.1 0.1 241.4351 240.2289 1.2062
1.1 0.2 239.5231 238.9532 0.5699
1.1 0.3 236.3576 235.1768 1.1808
1.1 0.4 231.9703 231.4005 0.5699
1.1 0.5 226.4051 225.2740 1.1311
1.1 0.6 219.7175 219.1476 0.5699
1.1 0.7 211.9743 210.9154 1.0590
1.1 0.8 203.2530 202.6831 0.5699
1.1 0.9 193.6406 192.6732 0.9674
1.1 1.0 183.2332 182.6633 0.5699
1.1 1.1 172.1348 171.2749 0.8600
1.1 1.2 160.4563 159.8864 0.5699
1.1 1.3 148.3144 147.5734 0.7410
1.1 1.4 135.8303 135.2604 0.5699
1.1 1.5 123.1289 122.5138 0.6151
1.1 1.6 110.3370 109.7671 0.5699
1.1 1.7 97.5824 97.0949 0.4875
1.1 1.8 84.9927 84.4228 0.5699
1.1 1.9 72.6935 72.3303 0.3632
1.1 2.0 60.8077 60.2378 0.5699
1.2 0.0 247.3010 247.3010 0.0000
1.2 0.1 246.6615 246.0253 0.6363
1.2 0.2 244.7495 244.7495 0.0000
1.2 0.3 241.5841 240.9732 0.6109
1.2 0.4 237.1968 237.1968 0.0000
1.2 0.5 231.6316 231.0704 0.5612
1.2 0.6 224.9440 224.9440 0.0000
1.2 0.7 217.2008 216.7117 0.4891
1.2 0.8 208.4795 208.4795 0.0000
1.2 0.9 198.8671 198.4696 0.3975
1.2 1.0 188.4597 188.4597 0.0000
1.2 1.1 177.3613 177.0712 0.2901
1.2 1.2 165.6828 165.6828 0.0000
1.2 1.3 153.5409 153.3698 0.1711
1.2 1.4 141.0568 141.0568 0.0000
1.2 1.5 128.3554 128.3101 0.0452
1.2 1.6 115.5635 115.5635 0.0000
1.2 1.7 102.8089 102.8913 0.0824
1.2 1.8 90.2191 90.2191 0.0000
1.2 1.9 77.9199 78.1267 0.2067
1.2 2.0 66.0342 66.0342 0.0000
1.3 0.0 251.3354 250.7193 0.6162
1.3 0.1 250.6960 249.4435 1.2524
1.3 0.2 248.7840 248.1678 0.6162
1.3 0.3 245.6185 244.3914 1.2271
1.3 0.4 241.2313 240.6151 0.6162
1.3 0.5 235.6660 234.4887 1.1773
1.3 0.6 228.9784 228.3622 0.6162
1.3 0.7 221.2352 220.1300 1.1053
1.3 0.8 212.5139 211.8977 0.6162
1.3 0.9 202.9015 201.8879 1.0137
1.3 1.0 192.4941 191.8780 0.6162
1.3 1.1 181.3958 180.4895 0.9062
1.3 1.2 169.7172 169.1011 0.6162
1.3 1.3 157.5753 156.7881 0.7872
1.3 1.4 145.0912 144.4751 0.6162
1.3 1.5 132.3898 131.7284 0.6614
1.3 1.6 119.5979 118.9817 0.6162
1.3 1.7 106.8434 106.3096 0.5338
1.3 1.8 94.2536 93.6374 0.6162
1.3 1.9 81.9544 81.5450 0.4094
1.3 2.0 70.0687 69.4525 0.6162
1.4 0.0 254.1376 254.1376 0.0000
1.4 0.1 253.4981 252.8618 0.6363
1.4 0.2 251.5861 251.5861 0.0000
1.4 0.3 248.4206 247.8097 0.6109
1.4 0.4 244.0334 244.0334 0.0000
1.4 0.5 238.4681 237.9069 0.5612
1.4 0.6 231.7805 231.7805 0.0000
1.4 0.7 224.0374 223.5483 0.4891
1.4 0.8 215.3160 215.3160 0.0000
1.4 0.9 205.7036 205.3061 0.3975
1.4 1.0 195.2963 195.2963 0.0000
1.4 1.1 184.1979 183.9078 0.2901
1.4 1.2 172.5194 172.5194 0.0000
1.4 1.3 160.3774 160.2064 0.1711
1.4 1.4 147.8934 147.8934 0.0000
1.4 1.5 135.1919 135.1467 0.0452
1.4 1.6 122.4000 122.4000 0.0000
1.4 1.7 109.6455 109.7279 0.0824
1.4 1.8 97.0557 97.0557 0.0000
1.4 1.9 84.7565 84.9632 0.2067
1.4 2.0 72.8708 72.8708 0.0000
1.5 0.0 255.6794 255.0415 0.6379
1.5 0.1 255.0399 253.7658 1.2741
1.5 0.2 253.1279 252.4900 0.6379
1.5 0.3 249.9624 248.7137 1.2488
1.5 0.4 245.5752 244.9373 0.6379
1.5 0.5 240.0099 238.8109 1.1990
1.5 0.6 233.3223 232.6845 0.6379
1.5 0.7 225.5792 224.4522 1.1270
1.5 0.8 216.8578 216.2200 0.6379
1.5 0.9 207.2454 206.2101 1.0354
1.5 1.0 196.8381 196.2002 0.6379
1.5 1.1 185.7397 184.8117 0.9279
1.5 1.2 174.0612 173.4233 0.6379
1.5 1.3 161.9192 161.1103 0.8089
1.5 1.4 149.4352 148.7973 0.6379
1.5 1.5 136.7337 136.0506 0.6831
1.5 1.6 123.9418 123.3040 0.6379
1.5 1.7 111.1873 110.6318 0.5555
1.5 1.8 98.5975 97.9596 0.6379
1.5 1.9 86.2983 85.8672 0.4311
1.5 2.0 74.4126 73.7747 0.6379
1.6 0.0 255.9454 255.9454 0.0000
1.6 0.1 255.3060 254.6697 0.6363
1.6 0.2 253.3939 253.3939 0.0000
1.6 0.3 250.2285 249.6176 0.6109
1.6 0.4 245.8412 245.8412 0.0000
1.6 0.5 240.2760 239.7148 0.5612
1.6 0.6 233.5884 233.5884 0.0000
1.6 0.7 225.8452 225.3561 0.4891
1.6 0.8 217.1239 217.1239 0.0000
1.6 0.9 207.5115 207.1140 0.3975
1.6 1.0 197.1041 197.1041 0.0000
1.6 1.1 186.0057 185.7157 0.2901
1.6 1.2 174.3272 174.3272 0.0000
1.6 1.3 162.1853 162.0142 0.1711
1.6 1.4 149.7012 149.7012 0.0000
1.6 1.5 136.9998 136.9545 0.0452
1.6 1.6 124.2079 124.2079 0.0000
1.6 1.7 111.4533 111.5357 0.0824
1.6 1.8 98.8636 98.8636 0.0000
1.6 1.9 86.5644 86.7711 0.2067
1.6 2.0 74.6786 74.6786 0.0000
1.7 0.0 254.9331 254.2990 0.6341
1.7 0.1 254.2936 253.0232 1.2704
1.7 0.2 252.3816 251.7475 0.6341
1.7 0.3 249.2162 247.9711 1.2450
1.7 0.4 244.8289 244.1948 0.6341
1.7 0.5 239.2637 238.0683 1.1953
1.7 0.6 232.5761 231.9419 0.6341
1.7 0.7 224.8329 223.7097 1.1232
1.7 0.8 216.1116 215.4774 0.6341
1.7 0.9 206.4992 205.4675 1.0316
1.7 1.0 196.0918 195.4577 0.6341
1.7 1.1 184.9934 184.0692 0.9242
1.7 1.2 173.3149 172.6808 0.6341
1.7 1.3 161.1729 160.3678 0.8052
1.7 1.4 148.6889 148.0548 0.6341
1.7 1.5 135.9875 135.3081 0.6794
1.7 1.6 123.1956 122.5614 0.6341
1.7 1.7 110.4410 109.8893 0.5517
1.7 1.8 97.8512 97.2171 0.6341
1.7 1.9 85.5520 85.1246 0.4274
1.7 2.0 73.6663 73.0322 0.6341
1.8 0.0 252.6525 252.6525 0.0000
1.8 0.1 252.0130 251.3768 0.6363
1.8 0.2 250.1010 250.1010 0.0000
1.8 0.3 246.9356 246.3247 0.6109
1.8 0.4 242.5483 242.5483 0.0000
1.8 0.5 236.9831 236.4219 0.5612
1.8 0.6 230.2955 230.2955 0.0000
1.8 0.7 222.5523 222.0632 0.4891
1.8 0.8 213.8310 213.8310 0.0000
1.8 0.9 204.2186 203.8211 0.3975
1.8 1.0 193.8112 193.8112 0.0000
1.8 1.1 182.7128 182.4227 0.2901
1.8 1.2 171.0343 171.0343 0.0000
1.8 1.3 158.8923 158.7213 0.1711
1.8 1.4 146.4083 146.4083 0.0000
1.8 1.5 133.7069 133.6616 0.0452
1.8 1.6 120.9150 120.9150 0.0000
1.8 1.7 108.1604 108.2428 0.0824
1.8 1.8 95.5706 95.5706 0.0000
1.8 1.9 83.2714 83.4782 0.2067
1.8 2.0 71.3857 71.3857 0.0000
1.9 0.0 249.1264 248.5213 0.6051
1.9 0.1 248.4869 247.2455 1.2414
1.9 0.2 246.5749 245.9698 0.6051
1.9 0.3 243.4095 242.1934 1.2160
1.9 0.4 239.0222 238.4171 0.6051
1.9 0.5 233.4570 232.2907 1.1663
1.9 0.6 226.7694 226.1642 0.6051
1.9 0.7 219.0262 217.9320 1.0942
1.9 0.8 210.3049 209.6997 0.6051
1.9 0.9 200.6925 199.6899 1.0026
1.9 1.0 190.2851 189.6800 0.6051
1.9 1.1 179.1867 178.2915 0.8952
1.9 1.2 167.5082 166.9031 0.6051
1.9 1.3 155.3663 154.5901 0.7762
1.9 1.4 142.8822 142.2771 0.6051
1.9 1.5 130.1808 129.5304 0.6504
1.9 1.6 117.3889 116.7837 0.6051
1.9 1.7 104.6343 104.1116 0.5227
1.9 1.8 92.0445 91.4394 0.6051
1.9 1.9 79.7453 79.3470 0.3984
1.9 2.0 67.8596 67.2545 0.6051
2.0 0.0 244.3901 244.3901 0.0000
2.0 0.1 243.7506 243.1143 0.6363
2.0 0.2 241.8386 241.8386 0.0000
2.0 0.3 238.6731 238.0622 0.6109
2.0 0.4 234.2859 234.2859 0.0000
2.0 0.5 228.7206 228.1595 0.5612
2.0 0.6 222.0330 222.0330 0.0000
2.0 0.7 214.2899 213.8008 0.4891
2.0 0.8 205.5685 205.5685 0.0000
2.0 0.9 195.9561 195.5586 0.3975
2.0 1.0 185.5488 185.5488 0.0000
2.0 1.1 174.4504 174.1603 0.2901
2.0 1.2 162.7719 162.7719 0.0000
2.0 1.3 150.6299 150.4589 0.1711
2.0 1.4 138.1459 138.1459 0.0000
2.0 1.5 125.4444 125.3992 0.0452
2.0 1.6 112.6525 112.6525 0.0000
2.0 1.7 99.8980 99.9804 0.0824
2.0 1.8 87.3082 87.3082 0.0000
2.0 1.9 75.0090 75.2157 0.2067
2.0 2.0 63.1233 63.1233 0.0000
