0.0 0.0 0.0000 0.0000 0.0000
0.0 0.1 0.0000 -0.0000 0.0001
0.0 0.2 0.0003 0.0003 0.0000
0.0 0.3 0.0024 0.0023 0.0001
0.0 0.4 0.0102 0.0102 0.0000
0.0 0.5 0.0312 0.0310 0.0002
0.0 0.6 0.0778 0.0778 0.0000
0.0 0.7 0.1681 0.1677 0.0004
0.0 0.8 0.3277 0.3277 0.0000
0.0 0.9 0.5905 0.5900 0.0005
0.0 1.0 1.0000 1.0000 0.0000
0.0 1.1 1.6105 1.6100 0.0005
0.0 1.2 2.4883 2.4883 0.0000
0.0 1.3 3.7129 3.7123 0.0006
0.0 1.4 5.3782 5.3782 0.0000
0.0 1.5 7.5938 7.5930 0.0008
0.0 1.6 10.4858 10.4858 0.0000
0.0 1.7 14.1986 14.1977 0.0008
0.0 1.8 18.8957 18.8957 0.0000
0.0 1.9 24.7610 24.7600 0.0010
0.0 2.0 32.0000 32.0000 0.0000
0.1 0.0 0.0000 -0.0000 0.0001
0.1 0.1 0.0100 0.0099 0.0001
0.1 0.2 0.0203 0.0203 0.0000
0.1 0.3 0.0324 0.0322 0.0002
0.1 0.4 0.0503 0.0502 0.0001
0.1 0.5 0.0813 0.0810 0.0003
0.1 0.6 0.1378 0.1377 0.0000
0.1 0.7 0.2381 0.2377 0.0004
0.1 0.8 0.4077 0.4076 0.0001
0.1 0.9 0.6805 0.6800 0.0005
0.1 1.0 1.1000 1.1000 0.0001
0.1 1.1 1.7205 1.7199 0.0006
0.1 1.2 2.6083 2.6083 0.0000
0.1 1.3 3.8429 3.8422 0.0007
0.1 1.4 5.5183 5.5182 0.0000
0.1 1.5 7.7438 7.7430 0.0008
0.1 1.6 10.6458 10.6457 0.0001
0.1 1.7 14.3686 14.3677 0.0009
0.1 1.8 19.0757 19.0756 0.0001
0.1 1.9 24.9510 24.9500 0.0010
0.1 2.0 32.2000 32.2000 0.0001
0.2 0.0 0.0003 0.0003 0.0000
0.2 0.1 0.0203 0.0203 0.0000
0.2 0.2 0.0406 0.0406 0.0000
0.2 0.3 0.0628 0.0626 0.0001
0.2 0.4 0.0906 0.0906 0.0000
0.2 0.5 0.1316 0.1313 0.0003
0.2 0.6 0.1981 0.1981 0.0000
0.2 0.7 0.3084 0.3080 0.0003
0.2 0.8 0.4880 0.4880 0.0000
0.2 0.9 0.7708 0.7704 0.0005
0.2 1.0 1.2003 1.2003 0.0000
0.2 1.1 1.8308 1.8303 0.0005
0.2 1.2 2.7286 2.7286 0.0000
0.2 1.3 3.9733 3.9726 0.0006
0.2 1.4 5.6586 5.6586 0.0000
0.2 1.5 7.8941 7.8933 0.0008
0.2 1.6 10.8061 10.8061 0.0000
0.2 1.7 14.5389 14.5380 0.0009
0.2 1.8 19.2560 19.2560 0.0000
0.2 1.9 25.1413 25.1404 0.0010
0.2 2.0 32.4003 32.4003 0.0000
0.3 0.0 0.0024 0.0023 0.0002
0.3 0.1 0.0324 0.0322 0.0002
0.3 0.2 0.0628 0.0626 0.0001
0.3 0.3 0.0949 0.0946 0.0003
0.3 0.4 0.1327 0.1325 0.0002
0.3 0.5 0.1837 0.1833 0.0004
0.3 0.6 0.2602 0.2600 0.0001
0.3 0.7 0.3805 0.3800 0.0005
0.3 0.8 0.5701 0.5700 0.0002
0.3 0.9 0.8629 0.8623 0.0006
0.3 1.0 1.3024 1.3023 0.0002
0.3 1.1 1.9429 1.9422 0.0007
0.3 1.2 2.8508 2.8506 0.0001
0.3 1.3 4.1054 4.1046 0.0008
0.3 1.4 5.8007 5.8005 0.0002
0.3 1.5 8.0462 8.0453 0.0009
0.3 1.6 10.9682 10.9680 0.0002
0.3 1.7 14.7110 14.7100 0.0010
0.3 1.8 19.4381 19.4380 0.0002
0.3 1.9 25.3334 25.3323 0.0011
0.3 2.0 32.6024 32.6023 0.0002
0.4 0.0 0.0102 0.0102 0.0000
0.4 0.1 0.0503 0.0502 0.0001
0.4 0.2 0.0906 0.0906 0.0000
0.4 0.3 0.1327 0.1325 0.0002
0.4 0.4 0.1805 0.1805 0.0000
0.4 0.5 0.2415 0.2412 0.0003
0.4 0.6 0.3280 0.3280 0.0000
0.4 0.7 0.4583 0.4580 0.0004
0.4 0.8 0.6579 0.6579 0.0000
0.4 0.9 0.9607 0.9603 0.0005
0.4 1.0 1.4102 1.4102 0.0000
0.4 1.1 2.0608 2.0602 0.0005
0.4 1.2 2.9786 2.9786 0.0000
0.4 1.3 4.2432 4.2425 0.0007
0.4 1.4 5.9485 5.9485 0.0000
0.4 1.5 8.2040 8.2032 0.0008
0.4 1.6 11.1360 11.1360 0.0000
0.4 1.7 14.8888 14.8880 0.0009
0.4 1.8 19.6259 19.6259 0.0000
0.4 1.9 25.5312 25.5303 0.0010
0.4 2.0 32.8102 32.8102 0.0000
0.5 0.0 0.0312 0.0310 0.0002
0.5 0.1 0.0813 0.0810 0.0003
0.5 0.2 0.1316 0.1313 0.0003
0.5 0.3 0.1837 0.1833 0.0004
0.5 0.4 0.2415 0.2412 0.0003
0.5 0.5 0.3125 0.3120 0.0005
0.5 0.6 0.4090 0.4088 0.0003
0.5 0.7 0.5493 0.5487 0.0006
0.5 0.8 0.7589 0.7587 0.0002
0.5 0.9 1.0717 1.0710 0.0007
0.5 1.0 1.5312 1.5310 0.0003
0.5 1.1 2.1918 2.1910 0.0008
0.5 1.2 3.1196 3.1193 0.0002
0.5 1.3 4.3942 4.3933 0.0009
0.5 1.4 6.1095 6.1092 0.0003
0.5 1.5 8.3750 8.3740 0.0010
0.5 1.6 11.3170 11.3168 0.0003
0.5 1.7 15.0798 15.0787 0.0011
0.5 1.8 19.8269 19.8267 0.0003
0.5 1.9 25.7422 25.7410 0.0012
0.5 2.0 33.0312 33.0310 0.0003
0.6 0.0 0.0778 0.0778 0.0000
0.6 0.1 0.1378 0.1377 0.0000
0.6 0.2 0.1981 0.1981 0.0000
0.6 0.3 0.2602 0.2600 0.0002
0.6 0.4 0.3280 0.3280 0.0000
0.6 0.5 0.4090 0.4088 0.0002
0.6 0.6 0.5155 0.5155 0.0000
0.6 0.7 0.6658 0.6655 0.0003
0.6 0.8 0.8854 0.8854 0.0000
0.6 0.9 1.2083 1.2078 0.0005
0.6 1.0 1.6778 1.6778 0.0000
0.6 1.1 2.3483 2.3477 0.0005
0.6 1.2 3.2861 3.2861 0.0000
0.6 1.3 4.5707 4.5700 0.0006
0.6 1.4 6.2960 6.2960 0.0000
0.6 1.5 8.5715 8.5708 0.0008
0.6 1.6 11.5235 11.5235 0.0000
0.6 1.7 15.2963 15.2955 0.0008
0.6 1.8 20.0534 20.0534 0.0000
0.6 1.9 25.9788 25.9778 0.0010
0.6 2.0 33.2778 33.2778 0.0000
0.7 0.0 0.1681 0.1677 0.0004
0.7 0.1 0.2381 0.2377 0.0004
0.7 0.2 0.3084 0.3080 0.0004
0.7 0.3 0.3805 0.3800 0.0005
0.7 0.4 0.4583 0.4580 0.0004
0.7 0.5 0.5493 0.5487 0.0006
0.7 0.6 0.6658 0.6655 0.0004
0.7 0.7 0.8261 0.8254 0.0007
0.7 0.8 1.0558 1.0554 0.0004
0.7 0.9 1.3886 1.3878 0.0008
0.7 1.0 1.8681 1.8677 0.0004
0.7 1.1 2.5486 2.5477 0.0009
0.7 1.2 3.4964 3.4960 0.0003
0.7 1.3 4.7910 4.7900 0.0010
0.7 1.4 6.5263 6.5260 0.0004
0.7 1.5 8.8118 8.8107 0.0011
0.7 1.6 11.7738 11.7735 0.0004
0.7 1.7 15.5566 15.5554 0.0012
0.7 1.8 20.3238 20.3234 0.0004
0.7 1.9 26.2591 26.2578 0.0013
0.7 2.0 33.5681 33.5677 0.0003
0.8 0.0 0.3277 0.3277 0.0000
0.8 0.1 0.4077 0.4076 0.0001
0.8 0.2 0.4880 0.4880 0.0000
0.8 0.3 0.5701 0.5700 0.0002
0.8 0.4 0.6579 0.6579 0.0000
0.8 0.5 0.7589 0.7587 0.0003
0.8 0.6 0.8854 0.8854 0.0000
0.8 0.7 1.0558 1.0554 0.0004
0.8 0.8 1.2954 1.2954 0.0000
0.8 0.9 1.6382 1.6377 0.0005
0.8 1.0 2.1277 2.1277 0.0000
0.8 1.1 2.8182 2.8176 0.0005
0.8 1.2 3.7760 3.7760 0.0000
0.8 1.3 5.0806 5.0800 0.0007
0.8 1.4 6.8259 6.8259 0.0000
0.8 1.5 9.1214 9.1207 0.0007
0.8 1.6 12.0934 12.0934 0.0000
0.8 1.7 15.8863 15.8854 0.0008
0.8 1.8 20.6634 20.6634 0.0000
0.8 1.9 26.6087 26.6077 0.0009
0.8 2.0 33.9277 33.9277 0.0000
0.9 0.0 0.5905 0.5900 0.0005
0.9 0.1 0.6805 0.6800 0.0005
0.9 0.2 0.7708 0.7704 0.0005
0.9 0.3 0.8629 0.8623 0.0006
0.9 0.4 0.9607 0.9603 0.0005
0.9 0.5 1.0717 1.0710 0.0007
0.9 0.6 1.2083 1.2078 0.0005
0.9 0.7 1.3886 1.3878 0.0008
0.9 0.8 1.6382 1.6377 0.0005
0.9 0.9 1.9910 1.9901 0.0009
0.9 1.0 2.4905 2.4900 0.0005
0.9 1.1 3.1910 3.1900 0.0010
0.9 1.2 4.1588 4.1584 0.0004
0.9 1.3 5.4734 5.4723 0.0011
0.9 1.4 7.2287 7.2283 0.0004
0.9 1.5 9.5342 9.5330 0.0012
0.9 1.6 12.5163 12.5158 0.0005
0.9 1.7 16.3191 16.3178 0.0013
0.9 1.8 21.1062 21.1057 0.0005
0.9 1.9 27.0615 27.0601 0.0014
0.9 2.0 34.3905 34.3900 0.0005
1.0 0.0 1.0000 1.0000 0.0000
1.0 0.1 1.1000 1.1000 0.0001
1.0 0.2 1.2003 1.2003 0.0000
1.0 0.3 1.3024 1.3023 0.0002
1.0 0.4 1.4102 1.4102 0.0000
1.0 0.5 1.5312 1.5310 0.0003
1.0 0.6 1.6778 1.6778 0.0000
1.0 0.7 1.8681 1.8677 0.0004
1.0 0.8 2.1277 2.1277 0.0000
1.0 0.9 2.4905 2.4900 0.0005
1.0 1.0 3.0000 3.0000 0.0000
1.0 1.1 3.7105 3.7100 0.0005
1.0 1.2 4.6883 4.6883 0.0000
1.0 1.3 6.0129 6.0123 0.0006
1.0 1.4 7.7782 7.7782 0.0000
1.0 1.5 10.0938 10.0930 0.0008
1.0 1.6 13.0858 13.0858 0.0000
1.0 1.7 16.8986 16.8977 0.0009
1.0 1.8 21.6957 21.6957 0.0000
1.0 1.9 27.6610 27.6600 0.0009
1.0 2.0 35.0000 35.0000 0.0000
1.1 0.0 1.6105 1.6100 0.0005
1.1 0.1 1.7205 1.7199 0.0006
1.1 0.2 1.8308 1.8303 0.0005
1.1 0.3 1.9429 1.9422 0.0007
1.1 0.4 2.0608 2.0602 0.0005
1.1 0.5 2.1918 2.1910 0.0008
1.1 0.6 2.3483 2.3477 0.0005
1.1 0.7 2.5486 2.5477 0.0009
1.1 0.8 2.8182 2.8176 0.0005
1.1 0.9 3.1910 3.1900 0.0010
1.1 1.0 3.7105 3.7100 0.0005
1.1 1.1 4.4310 4.4299 0.0011
1.1 1.2 5.4188 5.4183 0.0005
1.1 1.3 6.7534 6.7522 0.0012
1.1 1.4 8.5288 8.5282 0.0006
1.1 1.5 10.8543 10.8530 0.0013
1.1 1.6 13.8563 13.8557 0.0005
1.1 1.7 17.6791 17.6777 0.0014
1.1 1.8 22.4862 22.4856 0.0006
1.1 1.9 28.4615 28.4600 0.0015
1.1 2.0 35.8105 35.8100 0.0006
1.2 0.0 2.4883 2.4883 0.0000
1.2 0.1 2.6083 2.6083 0.0000
1.2 0.2 2.7286 2.7286 0.0000
1.2 0.3 2.8508 2.8506 0.0001
1.2 0.4 2.9786 2.9786 0.0000
1.2 0.5 3.1196 3.1193 0.0002
1.2 0.6 3.2861 3.2861 0.0000
1.2 0.7 3.4964 3.4960 0.0003
1.2 0.8 3.7760 3.7760 0.0000
1.2 0.9 4.1588 4.1584 0.0004
1.2 1.0 4.6883 4.6883 0.0000
1.2 1.1 5.4188 5.4183 0.0005
1.2 1.2 6.4166 6.4166 0.0000
1.2 1.3 7.7613 7.7606 0.0006
1.2 1.4 9.5466 9.5466 0.0000
1.2 1.5 11.8821 11.8813 0.0008
1.2 1.6 14.8941 14.8941 0.0000
1.2 1.7 18.7269 18.7260 0.0008
1.2 1.8 23.5440 23.5440 0.0000
1.2 1.9 29.5293 29.5284 0.0009
1.2 2.0 36.8883 36.8883 0.0000
1.3 0.0 3.7129 3.7123 0.0007
1.3 0.1 3.8429 3.8422 0.0007
1.3 0.2 3.9733 3.9726 0.0006
1.3 0.3 4.1054 4.1046 0.0008
1.3 0.4 4.2432 4.2425 0.0007
1.3 0.5 4.3942 4.3933 0.0009
1.3 0.6 4.5707 4.5700 0.0007
1.3 0.7 4.7910 4.7900 0.0010
1.3 0.8 5.0806 5.0800 0.0007
1.3 0.9 5.4734 5.4723 0.0011
1.3 1.0 6.0129 6.0123 0.0007
1.3 1.1 6.7534 6.7522 0.0012
1.3 1.2 7.7613 7.7606 0.0006
1.3 1.3 9.1159 9.1146 0.0013
1.3 1.4 10.9112 10.9105 0.0007
1.3 1.5 13.2567 13.2553 0.0014
1.3 1.6 16.2787 16.2780 0.0007
1.3 1.7 20.1215 20.1200 0.0015
1.3 1.8 24.9486 24.9480 0.0007
1.3 1.9 30.9439 30.9423 0.0016
1.3 2.0 38.3129 38.3123 0.0007
1.4 0.0 5.3782 5.3782 0.0000
1.4 0.1 5.5183 5.5182 0.0001
1.4 0.2 5.6586 5.6586 0.0000
1.4 0.3 5.8007 5.8005 0.0002
1.4 0.4 5.9485 5.9485 0.0000
1.4 0.5 6.1095 6.1092 0.0003
1.4 0.6 6.2960 6.2960 0.0000
1.4 0.7 6.5263 6.5260 0.0004
1.4 0.8 6.8259 6.8259 0.0000
1.4 0.9 7.2287 7.2283 0.0005
1.4 1.0 7.7782 7.7782 0.0000
1.4 1.1 8.5288 8.5282 0.0006
1.4 1.2 9.5466 9.5466 0.0000
1.4 1.3 10.9112 10.9105 0.0007
1.4 1.4 12.7165 12.7165 0.0000
1.4 1.5 15.0720 15.0712 0.0008
1.4 1.6 18.1040 18.1040 0.0000
1.4 1.7 21.9568 21.9560 0.0008
1.4 1.8 26.7939 26.7939 0.0000
1.4 1.9 32.7992 32.7983 0.0010
1.4 2.0 40.1782 40.1782 0.0000
1.5 0.0 7.5938 7.5930 0.0008
1.5 0.1 7.7438 7.7430 0.0008
1.5 0.2 7.8941 7.8933 0.0008
1.5 0.3 8.0462 8.0453 0.0009
1.5 0.4 8.2040 8.2032 0.0008
1.5 0.5 8.3750 8.3740 0.0010
1.5 0.6 8.5715 8.5708 0.0008
1.5 0.7 8.8118 8.8107 0.0011
1.5 0.8 9.1214 9.1207 0.0007
1.5 0.9 9.5342 9.5330 0.0012
1.5 1.0 10.0938 10.0930 0.0008
1.5 1.1 10.8543 10.8530 0.0013
1.5 1.2 11.8821 11.8813 0.0007
1.5 1.3 13.2567 13.2553 0.0014
1.5 1.4 15.0720 15.0712 0.0007
1.5 1.5 17.4375 17.4360 0.0015
1.5 1.6 20.4795 20.4788 0.0008
1.5 1.7 24.3423 24.3407 0.0016
1.5 1.8 29.1894 29.1887 0.0008
1.5 1.9 35.2047 35.2030 0.0017
1.5 2.0 42.5938 42.5930 0.0008
1.6 0.0 10.4858 10.4858 0.0000
1.6 0.1 10.6458 10.6457 0.0001
1.6 0.2 10.8061 10.8061 0.0000
1.6 0.3 10.9682 10.9680 0.0002
1.6 0.4 11.1360 11.1360 0.0000
1.6 0.5 11.3170 11.3168 0.0002
1.6 0.6 11.5235 11.5235 0.0000
1.6 0.7 11.7738 11.7735 0.0004
1.6 0.8 12.0934 12.0934 0.0000
1.6 0.9 12.5163 12.5158 0.0004
1.6 1.0 13.0858 13.0858 0.0000
1.6 1.1 13.8563 13.8557 0.0006
1.6 1.2 14.8941 14.8941 0.0000
1.6 1.3 16.2787 16.2780 0.0007
1.6 1.4 18.1040 18.1040 0.0000
1.6 1.5 20.4795 20.4788 0.0008
1.6 1.6 23.5315 23.5315 0.0000
1.6 1.7 27.4043 27.4035 0.0008
1.6 1.8 32.2614 32.2614 0.0000
1.6 1.9 38.2868 38.2858 0.0009
1.6 2.0 45.6858 45.6858 0.0000
1.7 0.0 14.1986 14.1977 0.0009
1.7 0.1 14.3686 14.3677 0.0009
1.7 0.2 14.5389 14.5380 0.0009
1.7 0.3 14.7110 14.7100 0.0010
1.7 0.4 14.8888 14.8880 0.0009
1.7 0.5 15.0798 15.0787 0.0011
1.7 0.6 15.2963 15.2955 0.0008
1.7 0.7 15.5566 15.5554 0.0012
1.7 0.8 15.8863 15.8854 0.0008
1.7 0.9 16.3191 16.3178 0.0013
1.7 1.0 16.8986 16.8977 0.0009
1.7 1.1 17.6791 17.6777 0.0014
1.7 1.2 18.7269 18.7260 0.0008
1.7 1.3 20.1215 20.1200 0.0015
1.7 1.4 21.9568 21.9560 0.0009
1.7 1.5 24.3423 24.3407 0.0016
1.7 1.6 27.4043 27.4035 0.0009
1.7 1.7 31.2871 31.2854 0.0017
1.7 1.8 36.1543 36.1534 0.0009
1.7 1.9 42.1896 42.1878 0.0018
1.7 2.0 49.5986 49.5977 0.0009
1.8 0.0 18.8957 18.8957 0.0000
1.8 0.1 19.0757 19.0756 0.0001
1.8 0.2 19.2560 19.2560 0.0000
1.8 0.3 19.4381 19.4380 0.0002
1.8 0.4 19.6259 19.6259 0.0000
1.8 0.5 19.8269 19.8267 0.0003
1.8 0.6 20.0534 20.0534 0.0000
1.8 0.7 20.3238 20.3234 0.0004
1.8 0.8 20.6634 20.6634 0.0000
1.8 0.9 21.1062 21.1057 0.0005
1.8 1.0 21.6957 21.6957 0.0000
1.8 1.1 22.4862 22.4856 0.0006
1.8 1.2 23.5440 23.5440 0.0000
1.8 1.3 24.9486 24.9480 0.0007
1.8 1.4 26.7939 26.7939 0.0000
1.8 1.5 29.1894 29.1887 0.0008
1.8 1.6 32.2614 32.2614 0.0000
1.8 1.7 36.1543 36.1534 0.0009
1.8 1.8 41.0314 41.0314 0.0000
1.8 1.9 47.0767 47.0757 0.0010
1.8 2.0 54.4957 54.4957 0.0000
1.9 0.0 24.7610 24.7600 0.0010
1.9 0.1 24.9510 24.9500 0.0010
1.9 0.2 25.1413 25.1404 0.0010
1.9 0.3 25.3334 25.3323 0.0011
1.9 0.4 25.5312 25.5303 0.0010
1.9 0.5 25.7422 25.7410 0.0012
1.9 0.6 25.9788 25.9778 0.0010
1.9 0.7 26.2591 26.2578 0.0013
1.9 0.8 26.6087 26.6077 0.0009
1.9 0.9 27.0615 27.0601 0.0014
1.9 1.0 27.6610 27.6600 0.0010
1.9 1.1 28.4615 28.4600 0.0015
1.9 1.2 29.5293 29.5284 0.0009
1.9 1.3 30.9439 30.9423 0.0016
1.9 1.4 32.7992 32.7983 0.0010
1.9 1.5 35.2047 35.2030 0.0017
1.9 1.6 38.2868 38.2858 0.0010
1.9 1.7 42.1896 42.1878 0.0018
1.9 1.8 47.0767 47.0757 0.0010
1.9 1.9 53.1320 53.1301 0.0019
1.9 2.0 60.5610 60.5600 0.0009
2.0 0.0 32.0000 32.0000 0.0000
2.0 0.1 32.2000 32.2000 0.0001
2.0 0.2 32.4003 32.4003 0.0000
2.0 0.3 32.6024 32.6023 0.0002
2.0 0.4 32.8102 32.8102 0.0000
2.0 0.5 33.0312 33.0310 0.0003
2.0 0.6 33.2778 33.2778 0.0000
2.0 0.7 33.5681 33.5677 0.0003
2.0 0.8 33.9277 33.9277 0.0000
2.0 0.9 34.3905 34.3900 0.0005
2.0 1.0 35.0000 35.0000 0.0000
2.0 1.1 35.8105 35.8100 0.0005
2.0 1.2 36.8883 36.8883 0.0000
2.0 1.3 38.3129 38.3123 0.0007
2.0 1.4 40.1782 40.1782 0.0000
2.0 1.5 42.5938 42.5930 0.0008
2.0 1.6 45.6858 45.6858 0.0000
2.0 1.7 49.5986 49.5977 0.0008
2.0 1.8 54.4957 54.4957 0.0000
2.0 1.9 60.5610 60.5600 0.0010
2.0 2.0 68.0000 68.0000 0.0000
